999 117 0.5765166248823224 2
1970 208 1.2792796694416353E-5 1
2896 65 0.3417818201256474 2
3827 67 0.42603073006483505 2
6715 138 0.8424883457051081 2
8613 135 0.5139189867941142 2
10495 8 0.8649268300885791 2
11467 30 0.8279892314514364 2
15215 39 0.006910914514409727 1
16215 240 0.7316221410236002 2
17178 18 0.4050993346035221 2
18134 2 0.6256458613561169 2
19037 66 0.00629856185572375 1
20003 62 0.8192466406817653 2
20951 163 0.7046572064744911 2
21855 476 0.6542010324674649 2
22798 93 0.8319044791385005 2
23795 380 0.7104253352772374 2
24710 4 0.5159880166372902 2
26585 267 0.5384751373077057 2
27562 10 0.2789984197375721 2
28528 10 0.6638902424322586 2
30406 49 0.01307793212577324 1
31344 145 0.0017214216074484812 1
33220 489 0.6302343715355294 2
34169 91 0.26509895087690477 2
35139 231 0.48864723783133196 2
36043 79 0.8005553919487327 2
36048 342 0.5515907245300307 2
37039 71 0.8576154319310485 2
37963 59 0.001200252124158474 1
38918 211 0.662014741941187 2
39905 191 0.7947167703688145 2
43777 167 0.5839856052122911 2
44724 186 0.467139330097169 2
45677 32 0.003364873761423526 1
46581 106 0.3007694018651864 2
47569 109 0.6555976108728767 2
48491 1 0.15051440397469762 2
49432 296 0.4889234723767724 2
50372 166 0.5664217034426393 2
51281 61 0.6386306031898608 2
52225 149 0.5549618946537925 2
53187 81 0.5001185343825927 2
58876 308 0.7427538088614962 2
59781 7 0.6821847631407985 2
63580 4 0.37819155764723356 2
65465 305 0.5745115522298294 2
69209 11 0.7705707473917889 2
71117 1 0.5345832235126308 2
72070 10 0.6291809887653306 2
73048 249 0.7415267190357776 2
74001 188 0.6882099602157679 2
74902 15 0.4774931662565713 2
75803 130 0.002774914886855273 1
76733 185 0.7661062895829994 2
79644 376 0.5797810760371873 2
80604 468 0.7303176757935435 2
82479 194 0.5905074018829599 2
83392 45 0.58935505298443 2
84322 267 0.7756314583703745 2
85235 109 0.6905199402362328 2
86212 500 0.6395102807560727 2
88141 264 0.7152378685056907 2
90068 430 0.5966707293604201 2
91010 82 2.692460561992682E-4 1
92848 211 0.7408540962652919 2
93790 82 0.8126466374327375 2
93795 246 0.5832501350277205 2
94712 10 0.9590976198566719 2
95624 12 0.720736160490733 2
96605 100 0.007435367137343274 1
98479 315 0.6957004424452018 2
99441 124 0.967329589054138 2
100395 424 0.8348211036433447 2
102246 15 0.0012091050570694484 1
103154 155 0.6098998288797293 2
104122 35 0.0028565195437434965 1
108803 124 0.3338642521515803 2
110763 17 0.4147116610045314 2
113665 116 0.4729611636851965 2
114576 280 0.8188216030032214 2
115482 295 0.7288398918792938 2
117312 123 0.9270130714723751 2
122042 300 0.5324787983212862 2
122970 10 0.3518621029567673 2
123870 7 0.13838325039040245 2
124816 221 0.7819428766865985 2
125793 10 0.735202784738118 2
126691 56 0.7396622287201242 2
127641 50 4.1080342453342356E-4 1
128567 380 0.6854835704111798 2
130429 10 0.932858013993546 2
131417 240 0.7145529773235523 2
133343 25 0.711450424756621 2
134290 491 0.6215648517438546 2
135212 11 0.7521526650674046 2
137157 168 0.009460146443847517 1
138082 53 0.610523656078402 2
139059 4 0.317850908548435 2
140016 453 0.4328487248146221 2
140944 102 2.0707941913783445E-4 1
141852 4 0.44166428708639976 2
